<?xml version="1.0"?>
<opencv_storage>
<calibration_time>"Пн 19 авг 2019 17:42:24"</calibration_time>
<nr_of_frames>7</nr_of_frames>
<image_width>1280</image_width>
<image_height>720</image_height>
<board_width>9</board_width>
<board_height>6</board_height>
<square_size>26.</square_size>
<fix_aspect_ratio>1.</fix_aspect_ratio>
<!-- flags: +fix_skew +fix_k4 +recompute_extrinsic -->
<flags>650</flags>
<fisheye_model>1</fisheye_model>
<camera_matrix type_id="opencv-matrix">
  <rows>3</rows>
  <cols>3</cols>
  <dt>d</dt>
  <data>
    4.3526298745939096e+02 0. 6.3950000000000000e+02 0.
    4.3415306567637083e+02 3.5950000000000000e+02 0. 0. 1.</data></camera_matrix>
<distortion_coefficients type_id="opencv-matrix">
  <rows>4</rows>
  <cols>1</cols>
  <dt>d</dt>
  <data>
    -4.5133663311739985e-02 2.1055083480493644e-02
    -1.0118009701988350e-02 0.</data></distortion_coefficients>
<avg_reprojection_error>2.8361421068866606e+00</avg_reprojection_error>
<per_view_reprojection_errors type_id="opencv-matrix">
  <rows>7</rows>
  <cols>1</cols>
  <dt>f</dt>
  <data>
    4.07990456e+00 5.48172998e+00 3.83556247e-01 2.14834809e-01
    3.03066182e+00 3.59719008e-01 3.21485907e-01</data></per_view_reprojection_errors>
<!-- a set of 6-tuples (rotation vector + translation vector) for each view -->
<extrinsic_parameters type_id="opencv-matrix">
  <rows>7</rows>
  <cols>6</cols>
  <dt>d</dt>
  <data>
    1.0191847821837614e+00 2.3577049304303205e-01
    -6.1550653766573094e-01 5.8040302764082526e+01
    -8.9555640507018825e+02 1.0725357377080848e+03
    1.0937131729119467e+00 -7.0729169106670917e-02
    -8.0782033079788629e-01 -3.4362319646861306e+02
    -5.7805165889085640e+02 9.6732920116774869e+02
    2.2914495411715538e-01 -5.0345495238345139e-01
    -5.7571852655875033e-01 -4.3058581684609413e+02
    -8.4101270327444908e+01 2.1259334255636787e+02
    -1.0312248666821662e-01 2.8843505088581112e-01
    -8.1141524003625864e-01 -1.1340604313881306e+02
    2.2129481095902918e+01 5.1740103467629865e+02
    -8.6932096068468223e-01 6.0167117792752367e-01
    6.0816615980227105e-02 -2.6338994813854060e+02
    3.2514551193085276e+02 5.5620108807206338e+02
    -1.0661622519197334e+00 7.7188819931650254e-01
    -1.2485744487989974e+00 3.1204371587011735e+02
    1.2098742564352639e+02 2.9205882668420827e+02
    -2.5242318284619419e-01 -3.4235167795334219e-02
    -9.6603563686374605e-01 -8.9717542591880076e+01
    6.3237749480258479e+01 2.7662973968422045e+02</data></extrinsic_parameters>
<image_points type_id="opencv-matrix">
  <rows>7</rows>
  <cols>54</cols>
  <dt>"2f"</dt>
  <data>
    6.58122986e+02 6.08837013e+01 6.70237183e+02 6.33162079e+01
    6.73493652e+02 5.53757133e+01 6.77113098e+02 5.47040291e+01
    6.87718201e+02 4.63491821e+01 6.97273193e+02 4.55707588e+01
    7.04088379e+02 3.67812920e+01 7.12226746e+02 3.57825546e+01
    7.11911621e+02 3.04349480e+01 6.63651550e+02 6.85881424e+01
    6.70347412e+02 6.35952339e+01 6.74396423e+02 5.92228508e+01
    6.75665039e+02 5.53935204e+01 6.94991638e+02 5.38121262e+01
    6.98904846e+02 4.58284111e+01 7.05065979e+02 4.13632355e+01
    7.13337341e+02 3.71271935e+01 7.19330383e+02 3.33018723e+01
    6.74871399e+02 7.13301544e+01 6.74931458e+02 7.11602173e+01
    6.72833008e+02 6.36328087e+01 6.90767639e+02 6.23135910e+01
    6.96647827e+02 5.86010551e+01 7.02057861e+02 5.33967285e+01
    7.11380615e+02 4.84106598e+01 7.23227295e+02 4.69778748e+01
    7.23383606e+02 4.94206123e+01 6.74400146e+02 8.26209869e+01
    6.79756714e+02 7.73629150e+01 6.81437317e+02 7.25230331e+01
    6.95879944e+02 6.86082382e+01 7.02058350e+02 6.46540680e+01
    7.09210327e+02 6.03970985e+01 7.16943665e+02 5.61491127e+01
    7.24142700e+02 5.17666702e+01 7.28764587e+02 4.75839005e+01
    6.82497375e+02 8.46568069e+01 6.82624268e+02 8.45769882e+01
    6.92390930e+02 8.03281784e+01 7.01356140e+02 7.63078308e+01
    7.07367371e+02 7.11790771e+01 7.13351196e+02 6.79247284e+01
    7.12703552e+02 6.50408630e+01 7.28476562e+02 5.93049698e+01
    7.30538025e+02 5.94531593e+01 6.82826538e+02 9.63134079e+01
    6.82739929e+02 8.45928192e+01 6.94336182e+02 8.06818085e+01
    7.03403320e+02 8.20731506e+01 7.08219604e+02 7.12783508e+01
    7.11972412e+02 6.94057236e+01 7.27502869e+02 7.10068283e+01
    7.32855286e+02 6.34454269e+01 7.34562622e+02 6.25878487e+01
    5.10067291e+02 1.37605316e+02 5.12185974e+02 1.24203476e+02
    5.20407349e+02 1.23565323e+02 5.27025818e+02 1.08324066e+02
    5.27121521e+02 1.08307686e+02 5.37408691e+02 1.02778275e+02
    5.49347900e+02 9.19058456e+01 5.56917236e+02 9.15319061e+01
    5.64185730e+02 7.55962753e+01 5.14227234e+02 1.41239014e+02
    5.17185547e+02 1.34583740e+02 5.29585388e+02 1.36640076e+02
    5.25754395e+02 1.14862495e+02 5.34689087e+02 1.15444099e+02
    5.45406860e+02 1.02705566e+02 5.57152832e+02 9.22002258e+01
    5.63868164e+02 9.02422562e+01 5.64326172e+02 8.42966919e+01
    5.21526855e+02 1.45746704e+02 5.26912354e+02 1.43642868e+02
    5.36482849e+02 1.35969986e+02 5.43309021e+02 1.25017349e+02
    5.49632874e+02 1.24124886e+02 5.57304443e+02 1.05081604e+02
    5.61983337e+02 9.67494125e+01 5.67764587e+02 9.28265228e+01
    5.72405579e+02 8.95496368e+01 5.27826782e+02 1.48670410e+02
    5.28674927e+02 1.43062088e+02 5.43260071e+02 1.33457916e+02
    5.47771301e+02 1.26823174e+02 5.50503479e+02 1.21167007e+02
    5.57090149e+02 1.07745468e+02 5.73552551e+02 1.13841019e+02
    5.79441040e+02 1.09472519e+02 5.78802185e+02 9.63797226e+01
    5.36126465e+02 1.53783524e+02 5.40844299e+02 1.52380875e+02
    5.43319580e+02 1.33496262e+02 5.49757690e+02 1.27073547e+02
    5.57308594e+02 1.19321518e+02 5.75072388e+02 1.22310013e+02
    5.79331238e+02 1.20224693e+02 5.80051392e+02 1.11492706e+02
    5.85584045e+02 1.01890869e+02 5.42013245e+02 1.56251007e+02
    5.44302429e+02 1.54120453e+02 5.51526123e+02 1.54065948e+02
    5.57406067e+02 1.39084000e+02 5.65351685e+02 1.31128357e+02
    5.78975769e+02 1.23426086e+02 5.79241821e+02 1.22515739e+02
    5.81006042e+02 1.11297935e+02 5.91518982e+02 1.08082893e+02
    1.81961533e+02 2.70074799e+02 1.98553436e+02 2.53688660e+02
    2.15870987e+02 2.37241058e+02 2.34617401e+02 2.20513351e+02
    2.54203903e+02 2.04412567e+02 2.74872681e+02 1.88728287e+02
    2.96286774e+02 1.73160263e+02 3.18490631e+02 1.58454544e+02
    3.40909851e+02 1.44513184e+02 1.90047913e+02 2.91791016e+02
    2.06566528e+02 2.75273071e+02 2.24271729e+02 2.58614685e+02
    2.43193054e+02 2.42245193e+02 2.62988861e+02 2.25753647e+02
    2.83627136e+02 2.09772995e+02 3.05492645e+02 1.94050735e+02
    3.27576355e+02 1.78875107e+02 3.50514038e+02 1.64538162e+02
    1.99124542e+02 3.14058655e+02 2.15762558e+02 2.97709839e+02
    2.33720673e+02 2.81277496e+02 2.52743027e+02 2.64487610e+02
    2.72767822e+02 2.48137741e+02 2.93717224e+02 2.31777039e+02
    3.15574158e+02 2.15973831e+02 3.38092865e+02 2.00460220e+02
    3.60758057e+02 1.85628845e+02 2.09457977e+02 3.37377686e+02
    2.26234970e+02 3.20822418e+02 2.44387299e+02 3.04445526e+02
    2.63494659e+02 2.87655609e+02 2.83635773e+02 2.71139465e+02
    3.04623108e+02 2.54686859e+02 3.26653473e+02 2.38557755e+02
    3.49113983e+02 2.22755600e+02 3.72169189e+02 2.07538223e+02
    2.20636993e+02 3.60397797e+02 2.37568878e+02 3.44195190e+02
    2.55525162e+02 3.27659454e+02 2.75010315e+02 3.10888367e+02
    2.95372894e+02 2.94415009e+02 3.16541260e+02 2.77866180e+02
    3.38556366e+02 2.61492004e+02 3.61201752e+02 2.45593658e+02
    3.84177765e+02 2.30007706e+02 2.32827606e+02 3.84035370e+02
    2.49749359e+02 3.67766876e+02 2.67978302e+02 3.51316071e+02
    2.87491119e+02 3.34542358e+02 3.08100647e+02 3.17993835e+02
    3.29401489e+02 3.01443176e+02 3.51529572e+02 2.85060577e+02
    3.74035706e+02 2.68828033e+02 3.97081909e+02 2.53137451e+02
    5.45630005e+02 3.77780823e+02 5.58613770e+02 3.62081818e+02
    5.71703613e+02 3.46316681e+02 5.85589966e+02 3.29628265e+02
    5.99681030e+02 3.13042572e+02 6.14331360e+02 2.95684326e+02
